1 0.095095 0.500000 0.190189 1.000000
1 0.560671 0.448747 0.047332 0.376363
1 0.274096 0.469401 0.049053 0.227959
1 0.337349 0.476286 0.022375 0.116275
1 0.435026 0.484701 0.030120 0.154523
1 0.801635 0.465577 0.057659 0.272327
0 0.748279 0.526774 0.052496 0.217250
0 0.884251 0.509945 0.031842 0.091796
0 0.672978 0.519889 0.032702 0.120864
0 0.380809 0.512239 0.038726 0.102505
2 0.470310 0.463282 0.035284 0.154523
2 0.981928 0.480111 0.036144 0.154523
2 0.856713 0.470931 0.035284 0.157583
2 0.908348 0.440333 0.033563 0.160643